105
494
345
401
393
377
359
46
57
88
42
429
176
233
449
345
171
351
494
78
222
333
248
214
119
315
258
39
319
195
359
279
108
386
302
474
179
126
62
490
294
155
182
409
155
403
228
404
286
338
219
193
179
366
306
335
77
452
154
494
321
67
50
209
196
341
296
281
69
164
233
296
33
237
492
451
22
5
147
391
231
126
339
384
337
160
364
58
330
452
269
115
469
139
195
456
340
357
13
153
25
114
284
163
415
195
291
341
313
371
139
291
357
69
245
8
469
96
131
387
323
33
273
386
170
16
263
22
174
96
274
345
197
324
4
429
473
416
176
157
334
337
297
466
396
411
87
250
166
169
26
331
249
72
422
11
483
363
230
292
418
342
409
11
119
262
16
404
80
492
112
334
33
264
51
92
442
300
9
406
25
457
301
232
60
66
396
35
229
272
175
102
319
430
279
445
28
192
158
263
137
331
275
71
455
460
339
268
307
466
336
179
119
174
240
309
23
174
264
330
150
353
410
72
136
398
164
157
220
101
320
367
136
55
374
281
185
486
434
190
5
32
468
259
316
464
46
133
296
41
302
314
460
349
335
323
474
379
30
420
491
125
46
327
269
289
195
266
38
211
172
482
249
402
472
73
254
144
82
124
450
356
269
39
376
330
175
219
463
212
355
155
458
133
480
415
246
448
174
393
336
416
416
262
44
344
252
204
494
283
69
369
486
171
51
217
311
422
295
140
449
320
131
269
92
96
198
297
491
59
103
113
218
349
327
130
321
310
4
1
12
450
348
424
320
19
329
393
35
129
171
177
341
463
190
487
265
126
246
442
401
433
96
416
162
230
248
363
73
255
354
447
274
353
204
460
147
427
355
159
414
239
185
15
460
55
417
332
164
313
231
313
402
469
330
266
30
153
106
110
453
96
378
323
85
109
322
31
467
109
172
447
139
416
406
283
451
294
293
313
215
96
211
491
105
380
255
352
486
20
357
324
489
490
225
278
419
401
231
162
447
191
54
159
379
493
247
360
103
218
447
282
108
235
240
365
264
206
247
248
88
137
321
436
139
2
298
255
187
208
364
153
56
333
424
316
187
54
307
149
233
88
171
132
80
456
109
153
366
449
407
408
475
228
358
437
54
341
51
49
